samples - プロット0	value - プロット0	
0	35	
1	37	
2	40	
3	42	
4	44	
5	47	
6	49	
7	52	
8	54	
9	56	
10	59	
11	61	
12	63	
13	66	
14	68	
15	70	
16	73	
17	75	
18	77	
19	80	
20	82	
21	84	
22	87	
23	89	
24	91	
25	94	
26	96	
27	98	
28	101	
29	103	
30	105	
31	108	
32	110	
33	112	
34	114	
35	117	
36	119	
37	121	
38	124	
39	126	
40	128	
41	131	
42	133	
43	135	
44	138	
45	140	
46	142	
47	144	
48	147	
49	149	
50	151	
51	154	
52	156	
53	158	
54	160	
55	163	
56	165	
57	167	
58	170	
59	172	
60	174	
61	176	
62	179	
63	181	
64	183	
65	186	
66	188	
67	190	
68	192	
69	195	
70	197	
71	199	
72	201	
73	204	
74	206	
75	208	
76	211	
77	213	
78	215	
79	217	
80	220	
81	222	
82	224	
83	226	
84	229	
85	231	
86	233	
87	235	
88	238	
89	240	
90	242	
91	244	
92	247	
93	249	
94	251	
95	253	
96	256	
97	258	
98	260	
99	262	
100	264	
101	267	
102	269	
103	271	
104	273	
105	276	
106	278	
107	280	
108	282	
109	285	
110	287	
111	289	
112	291	
113	293	
114	296	
115	298	
116	300	
117	302	
118	305	
119	307	
120	309	
121	311	
122	313	
123	316	
124	318	
125	320	
126	322	
127	324	
128	327	
129	329	
130	331	
131	333	
132	335	
133	338	
134	340	
135	342	
136	344	
137	346	
138	349	
139	351	
140	353	
141	355	
142	357	
143	360	
144	362	
145	364	
146	366	
147	368	
148	370	
149	373	
150	375	
151	377	
152	379	
153	381	
154	384	
155	386	
156	388	
157	390	
158	392	
159	394	
160	397	
161	399	
162	401	
163	403	
164	405	
165	407	
166	410	
167	412	
168	414	
169	416	
170	418	
171	420	
172	423	
173	425	
174	427	
175	429	
176	431	
177	433	
178	436	
179	438	
180	440	
181	442	
182	444	
183	446	
184	448	
185	451	
186	453	
187	455	
188	457	
189	459	
190	461	
191	463	
192	466	
193	468	
194	470	
195	472	
196	474	
197	476	
198	478	
199	481	
200	483	
201	485	
202	487	
203	489	
204	491	
205	493	
206	495	
207	498	
208	500	
209	502	
210	504	
211	506	
212	508	
213	510	
214	512	
215	515	
216	517	
217	519	
218	521	
219	523	
220	525	
221	527	
222	529	
223	531	
224	534	
225	536	
226	538	
227	540	
228	542	
229	544	
230	546	
231	548	
232	550	
233	553	
234	555	
235	557	
236	559	
237	561	
238	563	
239	565	
240	567	
241	569	
242	571	
243	573	
244	576	
245	578	
246	580	
247	582	
248	584	
249	586	
250	588	
251	590	
252	592	
253	594	
254	596	
255	599	
256	601	
257	603	
258	605	
259	607	
260	609	
261	611	
262	613	
263	615	
264	617	
265	619	
266	621	
267	623	
268	626	
269	628	
270	630	
271	632	
272	634	
273	636	
274	638	
275	640	
276	642	
277	644	
278	646	
279	648	
280	650	
281	652	
282	654	
283	657	
284	659	
285	661	
286	663	
287	665	
288	667	
289	669	
290	671	
291	673	
292	675	
293	677	
294	679	
295	681	
296	683	
297	685	
298	687	
299	689	
300	691	
301	693	
302	696	
303	698	
304	700	
305	702	
306	704	
307	706	
308	708	
309	710	
310	712	
311	714	
312	716	
313	718	
314	720	
315	722	
316	724	
317	726	
318	728	
319	730	
320	732	
321	734	
322	736	
323	738	
324	740	
325	742	
326	744	
327	746	
328	748	
329	750	
330	752	
331	754	
332	757	
333	759	
334	761	
335	763	
336	765	
337	767	
338	769	
339	771	
340	773	
341	775	
342	777	
343	779	
344	781	
345	783	
346	785	
347	787	
348	789	
349	791	
350	793	
351	795	
352	797	
353	799	
354	801	
355	803	
356	805	
357	807	
358	809	
359	811	
360	813	
361	815	
362	817	
363	819	
364	821	
365	823	
366	825	
367	827	
368	829	
369	831	
370	833	
371	835	
372	837	
373	839	
374	841	
375	843	
376	845	
377	847	
378	849	
379	851	
380	853	
381	855	
382	857	
383	859	
384	861	
385	863	
386	865	
387	867	
388	869	
389	871	
390	873	
391	875	
392	877	
393	879	
394	881	
395	882	
396	884	
397	886	
398	888	
399	890	
400	892	
401	894	
402	896	
403	898	
404	900	
405	902	
406	904	
407	906	
408	908	
409	910	
410	912	
411	914	
412	916	
413	918	
414	920	
415	922	
416	924	
417	926	
418	928	
419	930	
420	932	
421	934	
422	936	
423	938	
424	940	
425	942	
426	943	
427	945	
428	947	
429	949	
430	951	
431	953	
432	955	
433	957	
434	959	
435	961	
436	963	
437	965	
438	967	
439	969	
440	971	
441	973	
442	975	
443	977	
444	979	
445	981	
446	983	
447	984	
448	986	
449	988	
450	990	
451	992	
452	994	
453	996	
454	998	
455	1000	
456	1002	
457	1004	
458	1006	
459	1008	
460	1010	
461	1012	
462	1014	
463	1016	
464	1017	
465	1019	
466	1021	
467	1023	
468	1025	
469	1027	
470	1029	
471	1031	
472	1033	
473	1035	
474	1037	
475	1039	
476	1041	
477	1043	
478	1045	
479	1046	
480	1048	
481	1050	
482	1052	
483	1054	
484	1056	
485	1058	
486	1060	
487	1062	
488	1064	
489	1066	
490	1068	
491	1070	
492	1071	
493	1073	
494	1075	
495	1077	
496	1079	
497	1081	
498	1083	
499	1085	
500	1087	
501	1089	
502	1091	
503	1093	
504	1094	
505	1096	
506	1098	
507	1100	
508	1102	
509	1104	
510	1106	
511	1108	
512	1110	
513	1112	
514	1114	
515	1116	
516	1117	
517	1119	
518	1121	
519	1123	
520	1125	
521	1127	
522	1129	
523	1131	
524	1133	
525	1135	
526	1136	
527	1138	
528	1140	
529	1142	
530	1144	
531	1146	
532	1148	
533	1150	
534	1152	
535	1154	
536	1155	
537	1157	
538	1159	
539	1161	
540	1163	
541	1165	
542	1167	
543	1169	
544	1171	
545	1173	
546	1174	
547	1176	
548	1178	
549	1180	
550	1182	
551	1184	
552	1186	
553	1188	
554	1190	
555	1191	
556	1193	
557	1195	
558	1197	
559	1199	
560	1201	
561	1203	
562	1205	
563	1207	
564	1208	
565	1210	
566	1212	
567	1214	
568	1216	
569	1218	
570	1220	
571	1222	
572	1224	
573	1225	
574	1227	
575	1229	
576	1231	
577	1233	
578	1235	
579	1237	
580	1239	
581	1240	
582	1242	
583	1244	
584	1246	
585	1248	
586	1250	
587	1252	
588	1254	
589	1255	
590	1257	
591	1259	
592	1261	
593	1263	
594	1265	
595	1267	
596	1269	
597	1270	
598	1272	
599	1274	
600	1276	
601	1278	
602	1280	
603	1282	
604	1283	
605	1285	
606	1287	
607	1289	
608	1291	
609	1293	
610	1295	
611	1297	
612	1298	
613	1300	
614	1302	
615	1304	
616	1306	
617	1308	
618	1310	
619	1311	
620	1313	
621	1315	
622	1317	
623	1319	
624	1321	
625	1323	
626	1324	
627	1326	
628	1328	
629	1330	
630	1332	
631	1334	
632	1336	
633	1337	
634	1339	
635	1341	
636	1343	
637	1345	
638	1347	
639	1349	
640	1350	
641	1352	
642	1354	
643	1356	
644	1358	
645	1360	
646	1362	
647	1363	
648	1365	
649	1367	
650	1369	
651	1371	
652	1373	
653	1374	
654	1376	
655	1378	
656	1380	
657	1382	
658	1384	
659	1386	
660	1387	
661	1389	
662	1391	
663	1393	
664	1395	
665	1397	
666	1398	
667	1400	
668	1402	
669	1404	
670	1406	
671	1408	
672	1409	
673	1411	
674	1413	
675	1415	
676	1417	
677	1419	
678	1420	
679	1422	
680	1424	
681	1426	
682	1428	
683	1430	
684	1432	
685	1433	
686	1435	
687	1437	
688	1439	
689	1441	
690	1443	
691	1444	
692	1446	
693	1448	
694	1450	
695	1452	
696	1454	
697	1455	
698	1457	
699	1459	
700	1461	
701	1463	
702	1464	
703	1466	
704	1468	
705	1470	
706	1472	
707	1474	
708	1475	
709	1477	
710	1479	
711	1481	
712	1483	
713	1485	
714	1486	
715	1488	
716	1490	
717	1492	
718	1494	
719	1496	
720	1497	
721	1499	
722	1501	
723	1503	
724	1505	
725	1506	
726	1508	
727	1510	
728	1512	
729	1514	
730	1516	
731	1517	
732	1519	
733	1521	
734	1523	
735	1525	
736	1526	
737	1528	
738	1530	
739	1532	
740	1534	
741	1536	
742	1537	
743	1539	
744	1541	
745	1543	
746	1545	
747	1546	
748	1548	
749	1550	
750	1552	
751	1554	
752	1555	
753	1557	
754	1559	
755	1561	
756	1563	
757	1565	
758	1566	
759	1568	
760	1570	
761	1572	
762	1574	
763	1575	
764	1577	
765	1579	
766	1581	
767	1583	
768	1584	
769	1586	
770	1588	
771	1590	
772	1592	
773	1593	
774	1595	
775	1597	
776	1599	
777	1601	
778	1602	
779	1604	
780	1606	
781	1608	
782	1610	
783	1612	
784	1613	
785	1615	
786	1617	
787	1619	
788	1621	
789	1622	
790	1624	
791	1626	
792	1628	
793	1630	
794	1631	
795	1633	
796	1635	
797	1637	
798	1639	
799	1640	
800	1642	
801	1644	
802	1646	
803	1648	
804	1649	
805	1651	
806	1653	
807	1655	
808	1656	
809	1658	
810	1660	
811	1662	
812	1664	
813	1665	
814	1667	
815	1669	
816	1671	
817	1673	
818	1674	
819	1676	
820	1678	
821	1680	
822	1682	
823	1683	
824	1685	
825	1687	
826	1689	
827	1691	
828	1692	
829	1694	
830	1696	
831	1698	
832	1699	
833	1701	
834	1703	
835	1705	
836	1707	
837	1708	
838	1710	
839	1712	
840	1714	
841	1716	
842	1717	
843	1719	
844	1721	
845	1723	
846	1725	
847	1726	
848	1728	
849	1730	
850	1732	
851	1733	
852	1735	
853	1737	
854	1739	
855	1741	
856	1742	
857	1744	
858	1746	
859	1748	
860	1749	
861	1751	
862	1753	
863	1755	
864	1757	
865	1758	
866	1760	
867	1762	
868	1764	
869	1766	
870	1767	
871	1769	
872	1771	
873	1773	
874	1774	
875	1776	
876	1778	
877	1780	
878	1782	
879	1783	
880	1785	
881	1787	
882	1789	
883	1790	
884	1792	
885	1794	
886	1796	
887	1797	
888	1799	
889	1801	
890	1803	
891	1805	
892	1806	
893	1808	
894	1810	
895	1812	
896	1813	
897	1815	
898	1817	
899	1819	
900	1821	
901	1822	
902	1824	
903	1826	
904	1828	
905	1829	
906	1831	
907	1833	
908	1835	
909	1836	
910	1838	
911	1840	
912	1842	
913	1844	
914	1845	
915	1847	
916	1849	
917	1851	
918	1852	
919	1854	
920	1856	
921	1858	
922	1859	
923	1861	
924	1863	
925	1865	
926	1867	
927	1868	
928	1870	
929	1872	
930	1874	
931	1875	
932	1877	
933	1879	
934	1881	
935	1882	
936	1884	
937	1886	
938	1888	
939	1889	
940	1891	
941	1893	
942	1895	
943	1897	
944	1898	
945	1900	
946	1902	
947	1904	
948	1905	
949	1907	
950	1909	
951	1911	
952	1912	
953	1914	
954	1916	
955	1918	
956	1919	
957	1921	
958	1923	
959	1925	
960	1926	
961	1928	
962	1930	
963	1932	
964	1934	
965	1935	
966	1937	
967	1939	
968	1941	
969	1942	
970	1944	
971	1946	
972	1948	
973	1949	
974	1951	
975	1953	
976	1955	
977	1956	
978	1958	
979	1960	
980	1962	
981	1963	
982	1965	
983	1967	
984	1969	
985	1970	
986	1972	
987	1974	
988	1976	
989	1977	
990	1979	
991	1981	
992	1983	
993	1984	
994	1986	
995	1988	
996	1990	
997	1991	
998	1993	
999	1995	
1000	1997	
1001	1998	
1002	2000	
1003	2002	
1004	2004	
1005	2005	
1006	2007	
1007	2009	
1008	2011	
1009	2012	
1010	2014	
1011	2016	
1012	2018	
1013	2019	
1014	2021	
1015	2023	
1016	2025	
1017	2026	
1018	2028	
1019	2030	
1020	2032	
1021	2033	
1022	2035	
1023	2037	
1024	2039	
1025	2040	
1026	2042	
1027	2044	
1028	2046	
1029	2047	
1030	2049	
1031	2051	
1032	2053	
1033	2054	
1034	2056	
1035	2058	
1036	2060	
1037	2061	
1038	2063	
1039	2065	
1040	2067	
1041	2068	
1042	2070	
1043	2072	
1044	2074	
1045	2075	
1046	2077	
1047	2079	
1048	2081	
1049	2082	
1050	2084	
1051	2086	
1052	2087	
1053	2089	
1054	2091	
1055	2093	
1056	2094	
1057	2096	
1058	2098	
1059	2100	
1060	2101	
1061	2103	
1062	2105	
1063	2107	
1064	2108	
1065	2110	
1066	2112	
1067	2114	
1068	2115	
1069	2117	
1070	2119	
1071	2121	
1072	2122	
1073	2124	
1074	2126	
1075	2128	
1076	2129	
1077	2131	
1078	2133	
1079	2134	
1080	2136	
1081	2138	
1082	2140	
1083	2141	
1084	2143	
1085	2145	
1086	2147	
1087	2148	
1088	2150	
1089	2152	
1090	2154	
1091	2155	
1092	2157	
1093	2159	
1094	2161	
1095	2162	
1096	2164	
1097	2166	
1098	2167	
1099	2169	
1100	2171	
1101	2173	
1102	2174	
1103	2176	
1104	2178	
1105	2180	
1106	2181	
1107	2183	
1108	2185	
1109	2187	
1110	2188	
1111	2190	
1112	2192	
1113	2193	
1114	2195	
1115	2197	
1116	2199	
1117	2200	
1118	2202	
1119	2204	
1120	2206	
1121	2207	
1122	2209	
1123	2211	
1124	2213	
1125	2214	
1126	2216	
1127	2218	
1128	2219	
1129	2221	
1130	2223	
1131	2225	
1132	2226	
1133	2228	
1134	2230	
1135	2232	
1136	2233	
1137	2235	
1138	2237	
1139	2238	
1140	2240	
1141	2242	
1142	2244	
1143	2245	
1144	2247	
1145	2249	
1146	2251	
1147	2252	
1148	2254	
1149	2256	
1150	2257	
1151	2259	
1152	2261	
1153	2263	
1154	2264	
1155	2266	
1156	2268	
1157	2270	
1158	2271	
1159	2273	
1160	2275	
1161	2276	
1162	2278	
1163	2280	
1164	2282	
1165	2283	
1166	2285	
1167	2287	
1168	2289	
1169	2290	
1170	2292	
1171	2294	
1172	2295	
1173	2297	
1174	2299	
1175	2301	
1176	2302	
1177	2304	
1178	2306	
1179	2308	
1180	2309	
1181	2311	
1182	2313	
1183	2314	
1184	2316	
1185	2318	
1186	2320	
1187	2321	
1188	2323	
1189	2325	
1190	2327	
1191	2328	
1192	2330	
1193	2332	
1194	2333	
1195	2335	
1196	2337	
1197	2339	
1198	2340	
1199	2342	
1200	2344	
1201	2345	
1202	2347	
1203	2349	
1204	2351	
1205	2352	
1206	2354	
1207	2356	
1208	2357	
1209	2359	
1210	2361	
1211	2363	
1212	2364	
1213	2366	
1214	2368	
1215	2370	
1216	2371	
1217	2373	
1218	2375	
1219	2376	
1220	2378	
1221	2380	
1222	2382	
1223	2383	
1224	2385	
1225	2387	
1226	2388	
1227	2390	
1228	2392	
1229	2394	
1230	2395	
1231	2397	
1232	2399	
1233	2400	
1234	2402	
1235	2404	
1236	2406	
1237	2407	
1238	2409	
1239	2411	
1240	2413	
1241	2414	
1242	2416	
1243	2418	
1244	2419	
1245	2421	
1246	2423	
1247	2425	
1248	2426	
1249	2428	
1250	2430	
1251	2431	
1252	2433	
1253	2435	
1254	2437	
1255	2438	
1256	2440	
1257	2442	
1258	2443	
1259	2445	
1260	2447	
1261	2449	
1262	2450	
1263	2452	
1264	2454	
1265	2455	
1266	2457	
1267	2459	
1268	2461	
1269	2462	
1270	2464	
1271	2466	
1272	2467	
1273	2469	
1274	2471	
1275	2473	
1276	2474	
1277	2476	
1278	2478	
1279	2479	
1280	2481	
1281	2483	
1282	2485	
1283	2486	
1284	2488	
1285	2490	
1286	2491	
1287	2493	
1288	2495	
1289	2497	
1290	2498	
1291	2500	
1292	2502	
1293	2503	
1294	2505	
1295	2507	
1296	2509	
1297	2510	
1298	2512	
1299	2514	
1300	2515	
1301	2517	
1302	2519	
1303	2521	
1304	2522	
1305	2524	
1306	2526	
1307	2527	
1308	2529	
1309	2531	
1310	2532	
1311	2534	
1312	2536	
1313	2538	
1314	2539	
1315	2541	
1316	2543	
1317	2544	
1318	2546	
1319	2548	
1320	2550	
1321	2551	
1322	2553	
1323	2555	
1324	2556	
1325	2558	
1326	2560	
1327	2562	
1328	2563	
1329	2565	
1330	2567	
1331	2568	
1332	2570	
1333	2572	
1334	2574	
1335	2575	
1336	2577	
1337	2579	
1338	2580	
1339	2582	
1340	2584	
1341	2585	
1342	2587	
1343	2589	
1344	2591	
1345	2592	
1346	2594	
1347	2596	
1348	2597	
1349	2599	
1350	2601	
1351	2603	
1352	2604	
1353	2606	
1354	2608	
1355	2609	
1356	2611	
1357	2613	
1358	2615	
1359	2616	
1360	2618	
1361	2620	
1362	2621	
1363	2623	
1364	2625	
1365	2626	
1366	2628	
1367	2630	
1368	2632	
1369	2633	
1370	2635	
1371	2637	
1372	2638	
1373	2640	
1374	2642	
1375	2644	
1376	2645	
1377	2647	
1378	2649	
1379	2650	
1380	2652	
1381	2654	
1382	2655	
1383	2657	
1384	2659	
1385	2661	
1386	2662	
1387	2664	
1388	2666	
1389	2667	
1390	2669	
1391	2671	
1392	2673	
1393	2674	
1394	2676	
1395	2678	
1396	2679	
1397	2681	
1398	2683	
1399	2684	
1400	2686	
1401	2688	
1402	2690	
1403	2691	
1404	2693	
1405	2695	
1406	2696	
1407	2698	
1408	2700	
1409	2702	
1410	2703	
1411	2705	
1412	2707	
1413	2708	
1414	2710	
1415	2712	
1416	2713	
1417	2715	
1418	2717	
1419	2719	
1420	2720	
1421	2722	
1422	2724	
1423	2725	
1424	2727	
1425	2729	
1426	2730	
1427	2732	
1428	2734	
1429	2736	
1430	2737	
1431	2739	
1432	2741	
1433	2742	
1434	2744	
1435	2746	
1436	2748	
1437	2749	
1438	2751	
1439	2753	
1440	2754	
1441	2756	
1442	2758	
1443	2759	
1444	2761	
1445	2763	
1446	2765	
1447	2766	
1448	2768	
1449	2770	
1450	2771	
1451	2773	
1452	2775	
1453	2776	
1454	2778	
1455	2780	
1456	2782	
1457	2783	
1458	2785	
1459	2787	
1460	2788	
1461	2790	
1462	2792	
1463	2793	
1464	2795	
1465	2797	
1466	2799	
1467	2800	
1468	2802	
1469	2804	
1470	2805	
1471	2807	
1472	2809	
1473	2810	
1474	2812	
1475	2814	
1476	2816	
1477	2817	
1478	2819	
1479	2821	
1480	2822	
1481	2824	
1482	2826	
1483	2827	
1484	2829	
1485	2831	
1486	2833	
1487	2834	
1488	2836	
1489	2838	
1490	2839	
1491	2841	
1492	2843	
1493	2844	
1494	2846	
1495	2848	
1496	2850	
1497	2851	
1498	2853	
1499	2855	
1500	2856	
1501	2858	
1502	2860	
1503	2861	
1504	2863	
1505	2865	
1506	2867	
1507	2868	
1508	2870	
1509	2872	
1510	2873	
1511	2875	
1512	2877	
1513	2879	
1514	2880	
1515	2882	
1516	2884	
1517	2885	
1518	2887	
1519	2889	
1520	2890	
1521	2892	
1522	2894	
1523	2896	
1524	2897	
1525	2899	
1526	2901	
1527	2902	
1528	2904	
1529	2906	
1530	2907	
1531	2909	
1532	2911	
1533	2912	
1534	2914	
1535	2916	
1536	2918	
1537	2919	
1538	2921	
1539	2923	
1540	2924	
1541	2926	
1542	2928	
1543	2929	
1544	2931	
1545	2933	
1546	2935	
1547	2936	
1548	2938	
1549	2940	
1550	2941	
1551	2943	
1552	2945	
1553	2946	
1554	2948	
1555	2950	
1556	2952	
1557	2953	
1558	2955	
1559	2957	
1560	2958	
1561	2960	
1562	2962	
1563	2963	
1564	2965	
1565	2967	
1566	2969	
1567	2970	
1568	2972	
1569	2974	
1570	2975	
1571	2977	
1572	2979	
1573	2980	
1574	2982	
1575	2984	
1576	2986	
1577	2987	
1578	2989	
1579	2991	
1580	2992	
1581	2994	
1582	2996	
1583	2997	
1584	2999	
1585	3001	
1586	3003	
1587	3004	
1588	3006	
1589	3008	
1590	3009	
1591	3011	
1592	3013	
1593	3014	
1594	3016	
1595	3018	
1596	3020	
1597	3021	
1598	3023	
1599	3025	
1600	3026	
1601	3028	
1602	3030	
1603	3031	
1604	3033	
1605	3035	
1606	3037	
1607	3038	
1608	3040	
1609	3042	
1610	3043	
1611	3045	
1612	3047	
1613	3048	
1614	3050	
1615	3052	
1616	3054	
1617	3055	
1618	3057	
1619	3059	
1620	3060	
1621	3062	
1622	3064	
1623	3065	
1624	3067	
1625	3069	
1626	3071	
1627	3072	
1628	3074	
1629	3076	
1630	3077	
1631	3079	
1632	3081	
1633	3082	
1634	3084	
1635	3086	
1636	3088	
1637	3089	
1638	3091	
1639	3093	
1640	3094	
1641	3096	
1642	3098	
1643	3099	
1644	3101	
1645	3103	
1646	3105	
1647	3106	
1648	3108	
1649	3110	
1650	3111	
1651	3113	
1652	3115	
1653	3116	
1654	3118	
1655	3120	
1656	3122	
1657	3123	
1658	3125	
1659	3127	
1660	3128	
1661	3130	
1662	3132	
1663	3133	
1664	3135	
1665	3137	
1666	3139	
1667	3140	
1668	3142	
1669	3144	
1670	3145	
1671	3147	
1672	3149	
1673	3150	
1674	3152	
1675	3154	
1676	3156	
1677	3157	
1678	3159	
1679	3161	
1680	3162	
1681	3164	
1682	3166	
1683	3167	
1684	3169	
1685	3171	
1686	3173	
1687	3174	
1688	3176	
1689	3178	
1690	3179	
1691	3181	
1692	3183	
1693	3184	
1694	3186	
1695	3188	
1696	3190	
1697	3191	
1698	3193	
1699	3195	
1700	3196	
1701	3198	
1702	3200	
1703	3201	
1704	3203	
1705	3205	
1706	3207	
1707	3208	
1708	3210	
1709	3212	
1710	3213	
1711	3215	
1712	3217	
1713	3219	
1714	3220	
1715	3222	
1716	3224	
1717	3225	
1718	3227	
1719	3229	
1720	3230	
1721	3232	
1722	3234	
1723	3236	
1724	3237	
1725	3239	
1726	3241	
1727	3242	
1728	3244	
1729	3246	
1730	3247	
1731	3249	
1732	3251	
1733	3253	
1734	3254	
1735	3256	
1736	3258	
1737	3259	
1738	3261	
1739	3263	
1740	3264	
1741	3266	
1742	3268	
1743	3270	
1744	3271	
1745	3273	
1746	3275	
1747	3276	
1748	3278	
1749	3280	
1750	3282	
1751	3283	
1752	3285	
1753	3287	
1754	3288	
1755	3290	
1756	3292	
1757	3293	
1758	3295	
1759	3297	
1760	3299	
1761	3300	
1762	3302	
1763	3304	
1764	3305	
1765	3307	
1766	3309	
1767	3311	
1768	3312	
1769	3314	
1770	3316	
1771	3317	
1772	3319	
1773	3321	
1774	3322	
1775	3324	
1776	3326	
1777	3328	
1778	3329	
1779	3331	
1780	3333	
1781	3334	
1782	3336	
1783	3338	
1784	3340	
1785	3341	
1786	3343	
1787	3345	
1788	3346	
1789	3348	
1790	3350	
1791	3351	
1792	3353	
1793	3355	
1794	3357	
1795	3358	
1796	3360	
1797	3362	
1798	3363	
1799	3365	
1800	3367	
1801	3369	
1802	3370	
1803	3372	
1804	3374	
1805	3375	
1806	3377	
1807	3379	
1808	3381	
1809	3382	
1810	3384	
1811	3386	
1812	3387	
1813	3389	
1814	3391	
1815	3392	
1816	3394	
1817	3396	
1818	3398	
1819	3399	
1820	3401	
1821	3403	
1822	3404	
1823	3406	
1824	3408	
1825	3410	
1826	3411	
1827	3413	
1828	3415	
1829	3416	
1830	3418	
1831	3420	
1832	3422	
1833	3423	
1834	3425	
1835	3427	
1836	3428	
1837	3430	
1838	3432	
1839	3434	
1840	3435	
1841	3437	
1842	3439	
1843	3440	
1844	3442	
1845	3444	
1846	3446	
1847	3447	
1848	3449	
1849	3451	
1850	3452	
1851	3454	
1852	3456	
1853	3458	
1854	3459	
1855	3461	
1856	3463	
1857	3464	
1858	3466	
1859	3468	
1860	3470	
1861	3471	
1862	3473	
1863	3475	
1864	3476	
1865	3478	
1866	3480	
1867	3482	
1868	3483	
1869	3485	
1870	3487	
1871	3488	
1872	3490	
1873	3492	
1874	3494	
1875	3495	
1876	3497	
1877	3499	
1878	3500	
1879	3502	
1880	3504	
1881	3506	
1882	3507	
1883	3509	
1884	3511	
1885	3512	
1886	3514	
1887	3516	
1888	3518	
1889	3519	
1890	3521	
1891	3523	
1892	3524	
1893	3526	
1894	3528	
1895	3530	
1896	3531	
1897	3533	
1898	3535	
1899	3537	
1900	3538	
1901	3540	
1902	3542	
1903	3543	
1904	3545	
1905	3547	
1906	3549	
1907	3550	
1908	3552	
1909	3554	
1910	3555	
1911	3557	
1912	3559	
1913	3561	
1914	3562	
1915	3564	
1916	3566	
1917	3567	
1918	3569	
1919	3571	
1920	3573	
1921	3574	
1922	3576	
1923	3578	
1924	3580	
1925	3581	
1926	3583	
1927	3585	
1928	3586	
1929	3588	
1930	3590	
1931	3592	
1932	3593	
1933	3595	
1934	3597	
1935	3599	
1936	3600	
1937	3602	
1938	3604	
1939	3605	
1940	3607	
1941	3609	
1942	3611	
1943	3612	
1944	3614	
1945	3616	
1946	3618	
1947	3619	
1948	3621	
1949	3623	
1950	3624	
1951	3626	
1952	3628	
1953	3630	
1954	3631	
1955	3633	
1956	3635	
1957	3637	
1958	3638	
1959	3640	
1960	3642	
1961	3643	
1962	3645	
1963	3647	
1964	3649	
1965	3650	
1966	3652	
1967	3654	
1968	3656	
1969	3657	
1970	3659	
1971	3661	
1972	3662	
1973	3664	
1974	3666	
1975	3668	
1976	3669	
1977	3671	
1978	3673	
1979	3675	
1980	3676	
1981	3678	
1982	3680	
1983	3682	
1984	3683	
1985	3685	
1986	3687	
1987	3688	
1988	3690	
1989	3692	
1990	3694	
1991	3695	
1992	3697	
1993	3699	
1994	3701	
1995	3702	
1996	3704	
1997	3706	
1998	3708	
1999	3709	
2000	3711	
2001	3713	
2002	3715	
2003	3716	
2004	3718	
2005	3720	
2006	3722	
2007	3723	
2008	3725	
2009	3727	
2010	3728	
2011	3730	
2012	3732	
2013	3734	
2014	3735	
2015	3737	
2016	3739	
2017	3741	
2018	3742	
2019	3744	
2020	3746	
2021	3748	
2022	3749	
2023	3751	
2024	3753	
2025	3755	
2026	3756	
2027	3758	
2028	3760	
2029	3762	
2030	3763	
2031	3765	
2032	3767	
2033	3769	
2034	3770	
2035	3772	
2036	3774	
2037	3776	
2038	3777	
2039	3779	
2040	3781	
2041	3783	
2042	3784	
2043	3786	
2044	3788	
2045	3790	
2046	3791	
2047	3793	
