samples - プロット0	value - プロット0	
0	0.563567	
1	0.920081	
2	0.275266	
3	0.629122	
4	0.981652	
5	0.33286	
6	0.682746	
7	0.0313133	
8	0.378564	
9	0.7245	
10	0.0691244	
11	0.412439	
12	0.754445	
13	0.0951456	
14	0.434543	
15	0.772639	
16	0.109437	
17	0.444937	
18	0.779143	
19	0.112057	
20	0.44368	
21	0.774016	
22	0.103065	
23	0.430831	
24	0.757316	
25	0.0825214	
26	0.40645	
27	0.729103	
28	0.0504836	
29	0.370593	
30	0.689435	
31	0.0070104	
32	0.323322	
33	0.638371	
34	0.95216	
35	0.264692	
36	0.575968	
37	0.885991	
38	0.194763	
39	0.502285	
40	0.808561	
41	0.113591	
42	0.417379	
43	0.719927	
44	0.0212356	
45	0.321308	
46	0.620147	
47	0.917753	
48	0.214129	
49	0.509277	
50	0.8032	
51	0.0958986	
52	0.387376	
53	0.677634	
54	0.966674	
55	0.254499	
56	0.541111	
57	0.826512	
58	0.110703	
59	0.393688	
60	0.675467	
61	0.956044	
62	0.23542	
63	0.513598	
64	0.790579	
65	0.0663652	
66	0.340959	
67	0.614362	
68	0.886577	
69	0.157606	
70	0.42745	
71	0.696113	
72	0.963594	
73	0.229898	
74	0.495026	
75	0.758979	
76	0.0217609	
77	0.283372	
78	0.543816	
79	0.803094	
80	0.0612072	
81	0.318159	
82	0.573951	
83	0.828585	
84	0.0820626	
85	0.334387	
86	0.585559	
87	0.835581	
88	0.084456	
89	0.332185	
90	0.578769	
91	0.824212	
92	0.0685154	
93	0.31168	
94	0.55371	
95	0.794605	
96	0.0343681	
97	0.273001	
98	0.510507	
99	0.746886	
100	0.982141	
101	0.216274	
102	0.449287	
103	0.681181	
104	0.91196	
105	0.141624	
106	0.370176	
107	0.597617	
108	0.82395	
109	0.0491762	
110	0.273298	
111	0.496317	
112	0.718236	
113	0.939056	
114	0.158779	
115	0.377407	
116	0.594942	
117	0.811386	
118	0.0267406	
119	0.241008	
120	0.454191	
121	0.66629	
122	0.877307	
123	0.087245	
124	0.296105	
125	0.50389	
126	0.7106	
127	0.916239	
128	0.120807	
129	0.324308	
130	0.526742	
131	0.728111	
132	0.928418	
133	0.127665	
134	0.325852	
135	0.522983	
136	0.719058	
137	0.914081	
138	0.108052	
139	0.300973	
140	0.492847	
141	0.683676	
142	0.87346	
143	0.0622025	
144	0.249905	
145	0.436569	
146	0.622196	
147	0.806789	
148	0.990349	
149	0.172878	
150	0.354378	
151	0.53485	
152	0.714298	
153	0.892721	
154	0.0701228	
155	0.246505	
156	0.421868	
157	0.596215	
158	0.769548	
159	0.941868	
160	0.113177	
161	0.283477	
162	0.452769	
163	0.621056	
164	0.78834	
165	0.954621	
166	0.119903	
167	0.284186	
168	0.447472	
169	0.609764	
170	0.771063	
171	0.93137	
172	0.0906884	
173	0.249019	
174	0.406364	
175	0.562724	
176	0.718103	
177	0.8725	
178	0.025919	
179	0.178361	
180	0.329827	
181	0.480321	
182	0.629842	
183	0.778393	
184	0.925976	
185	0.0725927	
186	0.218244	
187	0.362933	
188	0.50666	
189	0.649428	
190	0.791238	
191	0.932092	
192	0.0719915	
193	0.210938	
194	0.348934	
195	0.485981	
196	0.62208	
197	0.757234	
198	0.891443	
199	0.02471	
200	0.157036	
201	0.288424	
202	0.418874	
203	0.548389	
204	0.67697	
205	0.804618	
206	0.931337	
207	0.0571259	
208	0.181988	
209	0.305925	
210	0.428939	
211	0.55103	
212	0.672201	
213	0.792453	
214	0.911789	
215	0.0302086	
216	0.147715	
217	0.264309	
218	0.379993	
219	0.494769	
220	0.608637	
221	0.7216	
222	0.833659	
223	0.944817	
224	0.0550734	
225	0.164431	
226	0.272893	
227	0.380458	
228	0.48713	
229	0.592909	
230	0.697798	
231	0.801798	
232	0.904911	
233	0.00713827	
234	0.108481	
235	0.208942	
236	0.308522	
237	0.407223	
238	0.505046	
239	0.601993	
240	0.698066	
241	0.793266	
242	0.887595	
243	0.981054	
244	0.0736455	
245	0.165371	
246	0.256231	
247	0.346229	
248	0.435364	
249	0.52364	
250	0.611057	
251	0.697618	
252	0.783324	
253	0.868175	
254	0.952175	
255	0.0353243	
256	0.117625	
257	0.199078	
258	0.279685	
259	0.359448	
260	0.438368	
261	0.516448	
262	0.593688	
263	0.67009	
264	0.745655	
265	0.820386	
266	0.894283	
267	0.967349	
268	0.0395838	
269	0.11099	
270	0.18157	
271	0.251324	
272	0.320254	
273	0.388361	
274	0.455647	
275	0.522114	
276	0.587763	
277	0.652595	
278	0.716613	
279	0.779817	
280	0.842209	
281	0.903791	
282	0.964564	
283	0.0245295	
284	0.0836893	
285	0.142045	
286	0.199597	
287	0.256349	
288	0.3123	
289	0.367453	
290	0.42181	
291	0.475371	
292	0.528138	
293	0.580113	
294	0.631297	
295	0.681691	
296	0.731298	
297	0.780118	
298	0.828153	
299	0.875404	
300	0.921874	
301	0.967563	
302	0.0124726	
303	0.0566048	
304	0.0999608	
305	0.142542	
306	0.18435	
307	0.225387	
308	0.265652	
309	0.305149	
310	0.343879	
311	0.381842	
312	0.419041	
313	0.455477	
314	0.491151	
315	0.526065	
316	0.56022	
317	0.593618	
318	0.626259	
319	0.658147	
320	0.689281	
321	0.719663	
322	0.749295	
323	0.778178	
324	0.806314	
325	0.833704	
326	0.860349	
327	0.886251	
328	0.911412	
329	0.935831	
330	0.959512	
331	0.982456	
332	0.00466281	
333	0.0261352	
334	0.0468742	
335	0.0668812	
336	0.0861576	
337	0.104705	
338	0.122524	
339	0.139617	
340	0.155985	
341	0.171629	
342	0.186551	
343	0.200752	
344	0.214233	
345	0.226996	
346	0.239043	
347	0.250374	
348	0.26099	
349	0.270894	
350	0.280087	
351	0.28857	
352	0.296344	
353	0.303411	
354	0.309771	
355	0.315428	
356	0.32038	
357	0.324631	
358	0.328182	
359	0.331033	
360	0.333186	
361	0.334643	
362	0.335404	
363	0.335472	
364	0.334847	
365	0.333531	
366	0.331525	
367	0.32883	
368	0.325448	
369	0.32138	
370	0.316628	
371	0.311192	
372	0.305074	
373	0.298276	
374	0.290798	
375	0.282642	
376	0.273809	
377	0.264301	
378	0.254118	
379	0.243263	
380	0.231736	
381	0.219539	
382	0.206673	
383	0.193139	
384	0.178939	
385	0.164073	
386	0.148544	
387	0.132353	
388	0.115499	
389	0.0979863	
390	0.0798145	
391	0.0609852	
392	0.0414997	
393	0.0213593	
394	0.000565222	
395	0.979119	
396	0.957021	
397	0.934274	
398	0.910878	
399	0.886834	
400	0.862145	
401	0.83681	
402	0.810832	
403	0.784212	
404	0.756951	
405	0.729049	
406	0.700509	
407	0.671332	
408	0.641519	
409	0.611071	
410	0.579988	
411	0.548274	
412	0.515928	
413	0.482953	
414	0.449348	
415	0.415116	
416	0.380258	
417	0.344775	
418	0.308668	
419	0.271938	
420	0.234587	
421	0.196615	
422	0.158025	
423	0.118816	
424	0.0789915	
425	0.0385511	
426	0.997496	
427	0.955829	
428	0.91355	
429	0.87066	
430	0.82716	
431	0.783053	
432	0.738338	
433	0.693018	
434	0.647093	
435	0.600564	
436	0.553433	
437	0.505701	
438	0.457369	
439	0.408438	
440	0.35891	
441	0.308785	
442	0.258065	
443	0.206751	
444	0.154844	
445	0.102345	
446	0.0492562	
447	0.995578	
448	0.941311	
449	0.886456	
450	0.831016	
451	0.774992	
452	0.718383	
453	0.661192	
454	0.60342	
455	0.545067	
456	0.486135	
457	0.426626	
458	0.366539	
459	0.305877	
460	0.244641	
461	0.182831	
462	0.120449	
463	0.0574955	
464	0.993972	
465	0.92988	
466	0.86522	
467	0.799994	
468	0.734202	
469	0.667845	
470	0.600925	
471	0.533444	
472	0.465401	
473	0.396798	
474	0.327636	
475	0.257917	
476	0.187641	
477	0.116809	
478	0.0454233	
479	0.973484	
480	0.900993	
481	0.82795	
482	0.754357	
483	0.680216	
484	0.605526	
485	0.53029	
486	0.454509	
487	0.378182	
488	0.301312	
489	0.2239	
490	0.145946	
491	0.0674522	
492	0.988419	
493	0.908848	
494	0.828739	
495	0.748095	
496	0.666916	
497	0.585203	
498	0.502957	
499	0.420179	
500	0.336871	
501	0.253033	
502	0.168667	
503	0.0837728	
504	0.998352	
505	0.912407	
506	0.825937	
507	0.738943	
508	0.651428	
509	0.563391	
510	0.474834	
511	0.385758	
512	0.296163	
513	0.206052	
514	0.115425	
515	0.0242823	
516	0.932626	
517	0.840457	
518	0.747776	
519	0.654584	
520	0.560882	
521	0.466671	
522	0.371953	
523	0.276728	
524	0.180997	
525	0.0847612	
526	0.988022	
527	0.890779	
528	0.793036	
529	0.694791	
530	0.596047	
531	0.496803	
532	0.397063	
533	0.296825	
534	0.196092	
535	0.0948641	
536	0.993142	
537	0.890928	
538	0.788222	
539	0.685026	
540	0.581339	
541	0.477164	
542	0.372501	
543	0.267351	
544	0.161715	
545	0.0555946	
546	0.94899	
547	0.841903	
548	0.734334	
549	0.626284	
550	0.517754	
551	0.408745	
552	0.299258	
553	0.189294	
554	0.0788535	
555	0.967938	
556	0.856549	
557	0.744686	
558	0.632351	
559	0.519545	
560	0.406268	
561	0.292522	
562	0.178308	
563	0.0636259	
564	0.948477	
565	0.832863	
566	0.716785	
567	0.600242	
568	0.483237	
569	0.36577	
570	0.247842	
571	0.129454	
572	0.010607	
573	0.891302	
574	0.77154	
575	0.651321	
576	0.530648	
577	0.409519	
578	0.287938	
579	0.165903	
580	0.0434177	
581	0.920481	
582	0.797095	
583	0.67326	
584	0.548976	
585	0.424246	
586	0.29907	
587	0.173449	
588	0.0473826	
589	0.920873	
590	0.793921	
591	0.666528	
592	0.538694	
593	0.41042	
594	0.281707	
595	0.152556	
596	0.0229682	
597	0.892944	
598	0.762484	
599	0.63159	
600	0.500263	
601	0.368502	
602	0.23631	
603	0.103687	
604	0.970634	
605	0.837152	
606	0.703242	
607	0.568904	
608	0.434139	
609	0.298949	
610	0.163334	
611	0.0272957	
612	0.890834	
613	0.75395	
614	0.616645	
615	0.478919	
616	0.340773	
617	0.20221	
618	0.0632275	
619	0.923829	
620	0.784014	
621	0.643783	
622	0.503138	
623	0.36208	
624	0.220609	
625	0.0787254	
626	0.936431	
627	0.793727	
628	0.650613	
629	0.507091	
630	0.363161	
631	0.218824	
632	0.0740811	
633	0.928933	
634	0.783381	
635	0.637425	
636	0.491066	
637	0.344306	
638	0.197144	
639	0.0495826	
640	0.901622	
641	0.753262	
642	0.604505	
643	0.45535	
644	0.3058	
645	0.155854	
646	0.00551429	
647	0.854781	
648	0.703654	
649	0.552135	
650	0.400225	
651	0.247925	
652	0.0952355	
653	0.942157	
654	0.78869	
655	0.634836	
656	0.480596	
657	0.32597	
658	0.17096	
659	0.015565	
660	0.859787	
661	0.703627	
662	0.547085	
663	0.390162	
664	0.23286	
665	0.0751775	
666	0.917117	
667	0.758679	
668	0.599864	
669	0.440672	
670	0.281106	
671	0.121165	
672	0.96085	
673	0.800162	
674	0.639102	
675	0.47767	
676	0.315868	
677	0.153695	
678	0.991154	
679	0.828244	
680	0.664966	
681	0.501322	
682	0.337311	
683	0.172935	
684	0.00819481	
685	0.84309	
686	0.677623	
687	0.511793	
688	0.345602	
689	0.17905	
690	0.0121378	
691	0.844866	
692	0.677236	
693	0.509248	
694	0.340903	
695	0.172202	
696	0.00314521	
697	0.833733	
698	0.663967	
699	0.493848	
700	0.323376	
701	0.152553	
702	0.981378	
703	0.809852	
704	0.637977	
705	0.465753	
706	0.293181	
707	0.120261	
708	0.946994	
709	0.773381	
710	0.599423	
711	0.425121	
712	0.250474	
713	0.075484	
714	0.900152	
715	0.724478	
716	0.548462	
717	0.372107	
718	0.195412	
719	0.0183778	
720	0.841006	
721	0.663296	
722	0.485249	
723	0.306867	
724	0.128149	
725	0.949096	
726	0.769709	
727	0.589989	
728	0.409937	
729	0.229553	
730	0.0488368	
731	0.867791	
732	0.686415	
733	0.50471	
734	0.322676	
735	0.140315	
736	0.957627	
737	0.774612	
738	0.591272	
739	0.407607	
740	0.223617	
741	0.0393039	
742	0.854668	
743	0.669709	
744	0.484429	
745	0.298828	
746	0.112907	
747	0.926666	
748	0.740107	
749	0.553229	
750	0.366033	
751	0.178521	
752	0.990692	
753	0.802548	
754	0.614089	
755	0.425315	
756	0.236228	
757	0.0468286	
758	0.857117	
759	0.667093	
760	0.476758	
761	0.286113	
762	0.0951586	
763	0.903895	
764	0.712323	
765	0.520443	
766	0.328257	
767	0.135764	
768	0.942965	
769	0.749861	
770	0.556453	
771	0.362741	
772	0.168726	
773	0.974408	
774	0.779788	
775	0.584867	
776	0.389645	
777	0.194124	
778	0.998303	
779	0.802183	
780	0.605765	
781	0.40905	
782	0.212038	
783	0.0147299	
784	0.817126	
785	0.619227	
786	0.421034	
787	0.222548	
788	0.0237676	
789	0.824695	
790	0.625331	
791	0.425676	
792	0.22573	
793	0.0254936	
794	0.824968	
795	0.624154	
796	0.423052	
797	0.221662	
798	0.0199851	
799	0.818022	
800	0.615773	
801	0.413239	
802	0.210421	
803	0.00731833	
804	0.803933	
805	0.600264	
806	0.396314	
807	0.192082	
808	0.987569	
809	0.782776	
810	0.577703	
811	0.372351	
812	0.16672	
813	0.960812	
814	0.754626	
815	0.548163	
816	0.341424	
817	0.13441	
818	0.927121	
819	0.719557	
820	0.511719	
821	0.303609	
822	0.095225	
823	0.886569	
824	0.677642	
825	0.468444	
826	0.258976	
827	0.0492378	
828	0.83923	
829	0.628955	
830	0.418411	
831	0.207599	
832	0.996521	
833	0.785176	
834	0.573565	
835	0.36169	
836	0.149549	
837	0.937145	
838	0.724477	
839	0.511546	
840	0.298353	
841	0.0848978	
842	0.871181	
843	0.657204	
844	0.442967	
845	0.22847	
846	0.0137143	
847	0.7987	
848	0.583428	
849	0.367898	
850	0.152112	
851	0.936069	
852	0.71977	
853	0.503216	
854	0.286408	
855	0.0693455	
856	0.852029	
857	0.63446	
858	0.416639	
859	0.198565	
860	0.980241	
861	0.761665	
862	0.542839	
863	0.323763	
864	0.104438	
865	0.884864	
866	0.665043	
867	0.444973	
868	0.224656	
869	0.00409307	
870	0.783284	
871	0.562229	
872	0.340929	
873	0.119385	
874	0.897597	
875	0.675565	
876	0.453291	
877	0.230774	
878	0.00801502	
879	0.785015	
880	0.561774	
881	0.338293	
882	0.114572	
883	0.890612	
884	0.666413	
885	0.441976	
886	0.217301	
887	0.992389	
888	0.76724	
889	0.541855	
890	0.316234	
891	0.0903783	
892	0.864288	
893	0.637963	
894	0.411405	
895	0.184613	
896	0.957589	
897	0.730333	
898	0.502845	
899	0.275126	
900	0.0471766	
901	0.818997	
902	0.590587	
903	0.361949	
904	0.133082	
905	0.903986	
906	0.674663	
907	0.445113	
908	0.215336	
909	0.985333	
910	0.755104	
911	0.52465	
912	0.293971	
913	0.0630685	
914	0.831942	
915	0.600592	
916	0.369019	
917	0.137224	
918	0.905207	
919	0.672969	
920	0.44051	
921	0.207831	
922	0.974931	
923	0.741813	
924	0.508475	
925	0.274919	
926	0.0411446	
927	0.807153	
928	0.572944	
929	0.338519	
930	0.103878	
931	0.869021	
932	0.633949	
933	0.398662	
934	0.163161	
935	0.927446	
936	0.691518	
937	0.455377	
938	0.219024	
939	0.982458	
940	0.745682	
941	0.508694	
942	0.271496	
943	0.0340879	
944	0.79647	
945	0.558643	
946	0.320608	
947	0.0823639	
948	0.843912	
949	0.605253	
950	0.366388	
951	0.127316	
952	0.888037	
953	0.648554	
954	0.408865	
955	0.168972	
956	0.928874	
957	0.688573	
958	0.448069	
959	0.207362	
960	0.966452	
961	0.72534	
962	0.484027	
963	0.242513	
964	0.000798711	
965	0.758884	
966	0.516769	
967	0.274455	
968	0.0319429	
969	0.789232	
970	0.546323	
971	0.303216	
972	0.0599126	
973	0.816412	
974	0.572716	
975	0.328823	
976	0.0847357	
977	0.840453	
978	0.595976	
979	0.351305	
980	0.10644	
981	0.861382	
982	0.616131	
983	0.370688	
984	0.125053	
985	0.879226	
986	0.633208	
987	0.387	
988	0.140601	
989	0.894013	
990	0.647235	
991	0.400268	
992	0.153113	
993	0.905769	
994	0.658238	
995	0.410519	
996	0.162614	
997	0.914522	
998	0.666244	
999	0.41778	
1000	0.169131	
1001	0.920298	
1002	0.671279	
1003	0.422078	
1004	0.172692	
1005	0.923123	
1006	0.673371	
1007	0.423437	
1008	0.173321	
1009	0.923024	
1010	0.672545	
1011	0.421886	
1012	0.171046	
1013	0.920027	
1014	0.668828	
1015	0.417449	
1016	0.165892	
1017	0.914157	
1018	0.662244	
1019	0.410153	
1020	0.157885	
1021	0.905441	
1022	0.65282	
1023	0.400023	
1024	0.147051	
1025	0.893903	
1026	0.640581	
1027	0.387085	
1028	0.133414	
1029	0.87957	
1030	0.625553	
1031	0.371363	
1032	0.117	
1033	0.862466	
1034	0.60776	
1035	0.352882	
1036	0.0978342	
1037	0.842616	
1038	0.587227	
1039	0.331669	
1040	0.0759412	
1041	0.820045	
1042	0.56398	
1043	0.307746	
1044	0.0513456	
1045	0.794777	
1046	0.538042	
1047	0.28114	
1048	0.024072	
1049	0.766838	
1050	0.509439	
1051	0.251874	
1052	0.994145	
1053	0.736251	
1054	0.478193	
1055	0.219972	
1056	0.961588	
1057	0.70304	
1058	0.444331	
1059	0.185459	
1060	0.926425	
1061	0.66723	
1062	0.407874	
1063	0.148358	
1064	0.888681	
1065	0.628844	
1066	0.368848	
1067	0.108693	
1068	0.848379	
1069	0.587906	
1070	0.327276	
1071	0.0664875	
1072	0.805542	
1073	0.544439	
1074	0.28318	
1075	0.0217651	
1076	0.760194	
1077	0.498467	
1078	0.236585	
1079	0.974549	
1080	0.712358	
1081	0.450013	
1082	0.187514	
1083	0.924862	
1084	0.662057	
1085	0.399099	
1086	0.13599	
1087	0.872728	
1088	0.609314	
1089	0.34575	
1090	0.0820343	
1091	0.818168	
1092	0.554152	
1093	0.289986	
1094	0.0256712	
1095	0.761207	
1096	0.496594	
1097	0.231832	
1098	0.966923	
1099	0.701866	
1100	0.436661	
1101	0.17131	
1102	0.905811	
1103	0.640167	
1104	0.374377	
1105	0.108441	
1106	0.842359	
1107	0.576133	
1108	0.309763	
1109	0.0432477	
1110	0.776589	
1111	0.509787	
1112	0.242841	
1113	0.975753	
1114	0.708522	
1115	0.441149	
1116	0.173634	
1117	0.905978	
1118	0.638181	
1119	0.370242	
1120	0.102164	
1121	0.833945	
1122	0.565586	
1123	0.297088	
1124	0.0284511	
1125	0.759675	
1126	0.490761	
1127	0.221708	
1128	0.952518	
1129	0.683191	
1130	0.413726	
1131	0.144124	
1132	0.874386	
1133	0.604512	
1134	0.334502	
1135	0.0643569	
1136	0.794077	
1137	0.523661	
1138	0.253112	
1139	0.982428	
1140	0.71161	
1141	0.440659	
1142	0.169575	
1143	0.898358	
1144	0.627009	
1145	0.355527	
1146	0.083914	
1147	0.812169	
1148	0.540293	
1149	0.268286	
1150	0.996149	
1151	0.723881	
1152	0.451484	
1153	0.178957	
1154	0.9063	
1155	0.633515	
1156	0.360602	
1157	0.0875595	
1158	0.81439	
1159	0.541092	
1160	0.267667	
1161	0.994115	
1162	0.720437	
1163	0.446632	
1164	0.172701	
1165	0.898645	
1166	0.624463	
1167	0.350156	
1168	0.0757243	
1169	0.801168	
1170	0.526488	
1171	0.251684	
1172	0.976756	
1173	0.701706	
1174	0.426532	
1175	0.151236	
1176	0.875818	
1177	0.600278	
1178	0.324616	
1179	0.048833	
1180	0.772929	
1181	0.496904	
1182	0.220759	
1183	0.944494	
1184	0.66811	
1185	0.391606	
1186	0.114982	
1187	0.83824	
1188	0.56138	
1189	0.284401	
1190	0.0073049	
1191	0.730091	
1192	0.45276	
1193	0.175312	
1194	0.897747	
1195	0.620066	
1196	0.342268	
1197	0.0643558	
1198	0.786328	
1199	0.508184	
1200	0.229926	
1201	0.951554	
1202	0.673067	
1203	0.394467	
1204	0.115753	
1205	0.836925	
1206	0.557985	
1207	0.278932	
1208	0.999767	
1209	0.72049	
1210	0.441101	
1211	0.1616	
1212	0.881989	
1213	0.602266	
1214	0.322434	
1215	0.0424904	
1216	0.762437	
1217	0.482275	
1218	0.202003	
1219	0.921622	
1220	0.641132	
1221	0.360534	
1222	0.079828	
1223	0.799014	
1224	0.518093	
1225	0.237064	
1226	0.955928	
1227	0.674686	
1228	0.393337	
1229	0.111883	
1230	0.830322	
1231	0.548657	
1232	0.266886	
1233	0.98501	
1234	0.70303	
1235	0.420945	
1236	0.138757	
1237	0.856465	
1238	0.574069	
1239	0.291571	
1240	0.00896938	
1241	0.726266	
1242	0.44346	
1243	0.160552	
1244	0.877543	
1245	0.594432	
1246	0.31122	
1247	0.027908	
1248	0.744495	
1249	0.460982	
1250	0.17737	
1251	0.893657	
1252	0.609846	
1253	0.325936	
1254	0.0419265	
1255	0.757819	
1256	0.473614	
1257	0.18931	
1258	0.90491	
1259	0.620412	
1260	0.335817	
1261	0.0511254	
1262	0.766338	
1263	0.481454	
1264	0.196474	
1265	0.911399	
1266	0.626229	
1267	0.340964	
1268	0.0556046	
1269	0.770151	
1270	0.484603	
1271	0.198961	
1272	0.913226	
1273	0.627398	
1274	0.341477	
1275	0.0554634	
1276	0.769358	
1277	0.48316	
1278	0.19687	
1279	0.910489	
1280	0.624017	
1281	0.337454	
1282	0.0508009	
1283	0.764057	
1284	0.477224	
1285	0.1903	
1286	0.903287	
1287	0.616186	
1288	0.328995	
1289	0.0417159	
1290	0.754348	
1291	0.466893	
1292	0.17935	
1293	0.89172	
1294	0.604002	
1295	0.316198	
1296	0.0283066	
1297	0.740329	
1298	0.452266	
1299	0.164117	
1300	0.875883	
1301	0.587564	
1302	0.29916	
1303	0.0106711	
1304	0.722098	
1305	0.433441	
1306	0.144701	
1307	0.855877	
1308	0.56697	
1309	0.27798	
1310	0.988907	
1311	0.699752	
1312	0.410516	
1313	0.121197	
1314	0.831797	
1315	0.542316	
1316	0.252755	
1317	0.963112	
1318	0.67339	
1319	0.383587	
1320	0.0937048	
1321	0.803743	
1322	0.513702	
1323	0.223583	
1324	0.933384	
1325	0.643108	
1326	0.352753	
1327	0.0623207	
1328	0.771811	
1329	0.481224	
1330	0.19056	
1331	0.89982	
1332	0.609003	
1333	0.31811	
1334	0.0271419	
1335	0.736098	
1336	0.444979	
1337	0.153785	
1338	0.862516	
1339	0.571173	
1340	0.279756	
1341	0.988266	
1342	0.696702	
1343	0.405064	
1344	0.113354	
1345	0.821571	
1346	0.529715	
1347	0.237788	
1348	0.945789	
1349	0.653718	
1350	0.361576	
1351	0.0693637	
1352	0.77708	
1353	0.484726	
1354	0.192302	
1355	0.899809	
1356	0.607246	
1357	0.314613	
1358	0.0219118	
1359	0.729142	
1360	0.436303	
1361	0.143397	
1362	0.850422	
1363	0.55738	
1364	0.264271	
1365	0.971095	
1366	0.677852	
1367	0.384543	
1368	0.0911675	
1369	0.797726	
1370	0.504219	
1371	0.210647	
1372	0.91701	
1373	0.623309	
1374	0.329543	
1375	0.0357123	
1376	0.741818	
1377	0.44786	
1378	0.153839	
1379	0.859755	
1380	0.565609	
1381	0.271399	
1382	0.977128	
1383	0.682795	
1384	0.3884	
1385	0.0939442	
1386	0.799427	
1387	0.504849	
1388	0.210211	
1389	0.915513	
1390	0.620754	
1391	0.325936	
1392	0.0310593	
1393	0.736123	
1394	0.441128	
1395	0.146075	
1396	0.850963	
1397	0.555794	
1398	0.260567	
1399	0.965282	
1400	0.669941	
1401	0.374543	
1402	0.0790884	
1403	0.783578	
1404	0.488011	
1405	0.192389	
1406	0.896712	
1407	0.600979	
1408	0.305192	
1409	0.00935011	
1410	0.713454	
1411	0.417505	
1412	0.121501	
1413	0.825445	
1414	0.529335	
1415	0.233173	
1416	0.936958	
1417	0.640691	
1418	0.344373	
1419	0.0480022	
1420	0.751581	
1421	0.455108	
1422	0.158585	
1423	0.862011	
1424	0.565387	
1425	0.268714	
1426	0.971991	
1427	0.675218	
1428	0.378397	
1429	0.0815267	
1430	0.784608	
1431	0.487642	
1432	0.190627	
1433	0.893565	
1434	0.596456	
1435	0.2993	
1436	0.00209772	
1437	0.704849	
1438	0.407554	
1439	0.110213	
1440	0.812827	
1441	0.515395	
1442	0.217919	
1443	0.920398	
1444	0.622832	
1445	0.325223	
1446	0.0275703	
1447	0.729874	
1448	0.432134	
1449	0.134352	
1450	0.836527	
1451	0.53866	
1452	0.240751	
1453	0.9428	
1454	0.644808	
1455	0.346775	
1456	0.0487011	
1457	0.750587	
1458	0.452432	
1459	0.154238	
1460	0.856004	
1461	0.55773	
1462	0.259418	
1463	0.961067	
1464	0.662678	
1465	0.36425	
1466	0.0657848	
1467	0.767282	
1468	0.468742	
1469	0.170165	
1470	0.871552	
1471	0.572902	
1472	0.274216	
1473	0.975494	
1474	0.676737	
1475	0.377946	
1476	0.0791186	
1477	0.780257	
1478	0.481362	
1479	0.182432	
1480	0.883469	
1481	0.584473	
1482	0.285444	
1483	0.986382	
1484	0.687287	
1485	0.388161	
1486	0.0890025	
1487	0.789813	
1488	0.490592	
1489	0.19134	
1490	0.892058	
1491	0.592745	
1492	0.293403	
1493	0.99403	
1494	0.694629	
1495	0.395198	
1496	0.0957391	
1497	0.796251	
1498	0.496736	
1499	0.197192	
1500	0.897621	
1501	0.598023	
1502	0.298397	
1503	0.998746	
1504	0.699068	
1505	0.399364	
1506	0.099634	
1507	0.799879	
1508	0.500099	
1509	0.200294	
1510	0.900465	
1511	0.600612	
1512	0.300735	
1513	0.000835028	
1514	0.700912	
1515	0.400965	
1516	0.100996	
1517	0.801005	
1518	0.500992	
1519	0.200958	
1520	0.900902	
1521	0.600825	
1522	0.300728	
1523	0.000610089	
1524	0.700472	
1525	0.400315	
1526	0.100138	
1527	0.799943	
1528	0.499728	
1529	0.199495	
1530	0.899244	
1531	0.598975	
1532	0.298689	
1533	0.998386	
1534	0.698066	
1535	0.397729	
1536	0.0973762	
1537	0.797008	
1538	0.496623	
1539	0.196224	
1540	0.89581	
1541	0.595381	
1542	0.294938	
1543	0.994481	
1544	0.69401	
1545	0.393527	
1546	0.0930299	
1547	0.792521	
1548	0.491999	
1549	0.191465	
1550	0.89092	
1551	0.590364	
1552	0.289796	
1553	0.989218	
1554	0.68863	
1555	0.388032	
1556	0.0874237	
1557	0.786806	
1558	0.48618	
1559	0.185545	
1560	0.884902	
1561	0.584251	
1562	0.283592	
1563	0.982925	
1564	0.682252	
1565	0.381572	
1566	0.080886	
1567	0.780194	
1568	0.479496	
1569	0.178793	
1570	0.878084	
1571	0.577372	
1572	0.276655	
1573	0.975933	
1574	0.675209	
1575	0.374481	
1576	0.0737498	
1577	0.773016	
1578	0.47228	
1579	0.171543	
1580	0.870803	
1581	0.570063	
1582	0.269321	
1583	0.968579	
1584	0.667837	
1585	0.367095	
1586	0.066353	
1587	0.765612	
1588	0.464872	
1589	0.164134	
1590	0.863398	
1591	0.562664	
1592	0.261932	
1593	0.961204	
1594	0.660478	
1595	0.359756	
1596	0.0590383	
1597	0.758325	
1598	0.457616	
1599	0.156912	
1600	0.856213	
1601	0.55552	
1602	0.254833	
1603	0.954153	
1604	0.653479	
1605	0.352813	
1606	0.0521538	
1607	0.751503	
1608	0.450859	
1609	0.150225	
1610	0.849599	
1611	0.548983	
1612	0.248376	
1613	0.94778	
1614	0.647193	
1615	0.346617	
1616	0.0460529	
1617	0.7455	
1618	0.444958	
1619	0.144429	
1620	0.843912	
1621	0.543408	
1622	0.242918	
1623	0.942441	
1624	0.641977	
1625	0.341529	
1626	0.0410946	
1627	0.740676	
1628	0.440272	
1629	0.139884	
1630	0.839513	
1631	0.539158	
1632	0.23882	
1633	0.938499	
1634	0.638196	
1635	0.337911	
1636	0.0376439	
1637	0.737396	
1638	0.437167	
1639	0.136958	
1640	0.836769	
1641	0.5366	
1642	0.236451	
1643	0.936324	
1644	0.636218	
1645	0.336134	
1646	0.0360718	
1647	0.736032	
1648	0.436016	
1649	0.136023	
1650	0.836053	
1651	0.536108	
1652	0.236187	
1653	0.936291	
1654	0.63642	
1655	0.336575	
1656	0.0367555	
1657	0.736963	
1658	0.437197	
1659	0.137458	
1660	0.837746	
1661	0.538063	
1662	0.238408	
1663	0.938781	
1664	0.639184	
1665	0.339617	
1666	0.0400788	
1667	0.740571	
1668	0.441094	
1669	0.141649	
1670	0.842234	
1671	0.542852	
1672	0.243502	
1673	0.944184	
1674	0.6449	
1675	0.345649	
1676	0.0464322	
1677	0.747249	
1678	0.448101	
1679	0.148988	
1680	0.849911	
1681	0.550869	
1682	0.251864	
1683	0.952895	
1684	0.653964	
1685	0.355069	
1686	0.0562132	
1687	0.757395	
1688	0.458616	
1689	0.159876	
1690	0.861176	
1691	0.562515	
1692	0.263895	
1693	0.965316	
1694	0.666778	
1695	0.368281	
1696	0.0698264	
1697	0.771414	
1698	0.473045	
1699	0.174719	
1700	0.876437	
1701	0.578198	
1702	0.280005	
1703	0.981856	
1704	0.683753	
1705	0.385695	
1706	0.0876837	
1707	0.789719	
1708	0.491801	
1709	0.193931	
1710	0.896109	
1711	0.598335	
1712	0.300609	
1713	0.0029335	
1714	0.705307	
1715	0.407731	
1716	0.110205	
1717	0.81273	
1718	0.515306	
1719	0.217934	
1720	0.920614	
1721	0.623347	
1722	0.326133	
1723	0.0289729	
1724	0.731866	
1725	0.434814	
1726	0.137817	
1727	0.840875	
1728	0.543988	
1729	0.247158	
1730	0.950384	
1731	0.653668	
1732	0.357009	
1733	0.0604073	
1734	0.763864	
1735	0.46738	
1736	0.170955	
1737	0.87459	
1738	0.578285	
1739	0.282041	
1740	0.985857	
1741	0.689735	
1742	0.393675	
1743	0.0976778	
1744	0.801743	
1745	0.505872	
1746	0.210064	
1747	0.914321	
1748	0.618642	
1749	0.323028	
1750	0.02748	
1751	0.731998	
1752	0.436583	
1753	0.141234	
1754	0.845953	
1755	0.55074	
1756	0.255595	
1757	0.960519	
1758	0.665512	
1759	0.370575	
1760	0.0757081	
1761	0.780912	
1762	0.486187	
1763	0.191534	
1764	0.896953	
1765	0.602444	
1766	0.308008	
1767	0.0136463	
1768	0.719358	
1769	0.425145	
1770	0.131006	
1771	0.836943	
1772	0.542955	
1773	0.249044	
1774	0.95521	
1775	0.661453	
1776	0.367774	
1777	0.0741739	
1778	0.780652	
1779	0.487209	
1780	0.193847	
1781	0.900564	
1782	0.607362	
1783	0.314241	
1784	0.0212026	
1785	0.728246	
1786	0.435372	
1787	0.142581	
1788	0.849874	
1789	0.557251	
1790	0.264713	
1791	0.97226	
1792	0.679892	
1793	0.387611	
1794	0.095416	
1795	0.803308	
1796	0.511289	
1797	0.219357	
1798	0.927514	
1799	0.63576	
1800	0.344096	
1801	0.0525218	
1802	0.761038	
1803	0.469646	
1804	0.178346	
1805	0.887138	
1806	0.596022	
1807	0.305	
1808	0.0140714	
1809	0.723237	
1810	0.432498	
1811	0.141853	
1812	0.851305	
1813	0.560853	
1814	0.270498	
1815	0.98024	
1816	0.69008	
1817	0.400019	
1818	0.110056	
1819	0.820193	
1820	0.530429	
1821	0.240767	
1822	0.951205	
1823	0.661745	
1824	0.372387	
1825	0.0831317	
1826	0.79398	
1827	0.504931	
1828	0.215987	
1829	0.927147	
1830	0.638413	
1831	0.349784	
1832	0.0612621	
1833	0.772847	
1834	0.484539	
1835	0.196339	
1836	0.908248	
1837	0.620266	
1838	0.332393	
1839	0.0446307	
1840	0.756979	
1841	0.469438	
1842	0.18201	
1843	0.894693	
1844	0.60749	
1845	0.3204	
1846	0.0334235	
1847	0.746562	
1848	0.459816	
1849	0.173185	
1850	0.88667	
1851	0.600272	
1852	0.313992	
1853	0.0278293	
1854	0.741785	
1855	0.45586	
1856	0.170054	
1857	0.884369	
1858	0.598804	
1859	0.313361	
1860	0.0280393	
1861	0.74284	
1862	0.457764	
1863	0.172811	
1864	0.887983	
1865	0.603279	
1866	0.3187	
1867	0.0342476	
1868	0.749921	
1869	0.465722	
1870	0.18165	
1871	0.897707	
1872	0.613892	
1873	0.330206	
1874	0.0466507	
1875	0.763226	
1876	0.479932	
1877	0.196769	
1878	0.913739	
1879	0.630842	
1880	0.348078	
1881	0.0654479	
1882	0.782953	
1883	0.500593	
1884	0.218368	
1885	0.93628	
1886	0.65433	
1887	0.372516	
1888	0.0908413	
1889	0.809305	
1890	0.527908	
1891	0.246651	
1892	0.965535	
1893	0.68456	
1894	0.403727	
1895	0.123036	
1896	0.842488	
1897	0.562084	
1898	0.281824	
1899	0.00170875	
1900	0.721739	
1901	0.441916	
1902	0.162239	
1903	0.882709	
1904	0.603328	
1905	0.324095	
1906	0.0450112	
1907	0.766077	
1908	0.487294	
1909	0.208661	
1910	0.93018	
1911	0.651852	
1912	0.373677	
1913	0.0956545	
1914	0.817787	
1915	0.540074	
1916	0.262516	
1917	0.985115	
1918	0.70787	
1919	0.430783	
1920	0.153854	
1921	0.877083	
1922	0.600472	
1923	0.32402	
1924	0.0477296	
1925	0.7716	
1926	0.495632	
1927	0.219827	
1928	0.944185	
1929	0.668707	
1930	0.393393	
1931	0.118244	
1932	0.843261	
1933	0.568445	
1934	0.293795	
1935	0.0193135	
1936	0.745	
1937	0.470856	
1938	0.196881	
1939	0.923077	
1940	0.649444	
1941	0.375982	
1942	0.102693	
1943	0.829577	
1944	0.556635	
1945	0.283867	
1946	0.011274	
1947	0.738857	
1948	0.466616	
1949	0.194552	
1950	0.922666	
1951	0.650958	
1952	0.37943	
1953	0.108081	
1954	0.836913	
1955	0.565926	
1956	0.29512	
1957	0.0244975	
1958	0.754058	
1959	0.483802	
1960	0.213731	
1961	0.943845	
1962	0.674145	
1963	0.404632	
1964	0.135306	
1965	0.866168	
1966	0.597219	
1967	0.328459	
1968	0.0598895	
1969	0.791511	
1970	0.523324	
1971	0.255329	
1972	0.987527	
1973	0.719918	
1974	0.452504	
1975	0.185285	
1976	0.918262	
1977	0.651436	
1978	0.384806	
1979	0.118375	
1980	0.852142	
1981	0.586109	
1982	0.320275	
1983	0.0546428	
1984	0.789212	
1985	0.523983	
1986	0.258957	
1987	0.994135	
1988	0.729518	
1989	0.465105	
1990	0.200898	
1991	0.936898	
1992	0.673106	
1993	0.409521	
1994	0.146145	
1995	0.882979	
1996	0.620023	
1997	0.357278	
1998	0.0947455	
1999	0.832425	
2000	0.570318	
2001	0.308424	
2002	0.0467459	
2003	0.785283	
2004	0.524036	
2005	0.263007	
2006	0.0021946	
2007	0.741601	
2008	0.481227	
2009	0.221073	
2010	0.96114	
2011	0.701428	
2012	0.441938	
2013	0.182672	
2014	0.923629	
2015	0.664811	
2016	0.406219	
2017	0.147852	
2018	0.889713	
2019	0.631801	
2020	0.374118	
2021	0.116663	
2022	0.859439	
2023	0.602446	
2024	0.345684	
2025	0.0891546	
2026	0.832858	
2027	0.576796	
2028	0.320968	
2029	0.0653758	
2030	0.81002	
2031	0.554901	
2032	0.30002	
2033	0.0453772	
2034	0.790974	
2035	0.536811	
2036	0.282889	
2037	0.0292096	
2038	0.775772	
2039	0.522578	
2040	0.269629	
2041	0.0169239	
2042	0.764465	
2043	0.512253	
2044	0.260288	
2045	0.00857167	
2046	0.757104	
2047	0.505887	
